Valores
0.754
1.975
0.398
0.335
0.439
0.379
0.337
10.76
0.436
0.402
0.352
0.392
0.105
0.385
0.463
0.427
0.452
0.603
0.43
0.443
0.507
0.978
0.121
1.136
1.354
1.024
0.702
0.446
0.242
0.451
0.345
0.352
0.394
0.462
0.628
0.557
0.125
0.314
0.351
0.404
0.408
0.337
0.335
0.293
0.354
0.341
0.219
0.281
0.364
0.516
0.543
0.482
0.351
0.353
0.427
0.335
0.487
0.65
0.378
0.394
0.752
0.316
0.327
0.325
0.273
0.378
0.408
0.342
0.349
0.675
0.349
0.576
0.282
0.326
0.532
0.364
0.318
0.461
0.348
0.335
0.325
0.698
0.379
0.554
0.314
1.965
0.062
0.178
0.904
0.7
0.444
0.842
1.013
0.685
3.843
0.839
0.622
0.621
0.271
0.375
0.901
0.415
4.408
1.054
0.73
0.7
0.706
0.659
0.736
0.708
0.736
0.605
0.814
0.681
0.85
0.714
13
0.869
0.241
0.389
0.856
0.552
0.54
0.431
0.681
0.612
0.453
0.387
0.606
0.669
2.586
0.654
0.411
1.481
0.418
0.619
1.632
0.279
0.4
1.121
0.65
0.366
0.406
0.816
0.035
0.705
0.251
0.742
0.036
0.041
0.034
0.033
0.219
0.631
0.034
0.034
0.567
0.12
0.035
1.724
0.034
0.868
4.106
0.265
1.483
0.965
0.108
0.191
0.303
0.317
0.657
0.578
